HEADER-0140000000000000020090813000005900000000000000000000
277350    3600000662000320100211000955000095010000049000000
277350    3600000662000320100111000957000094720000098000000
277350    3600000662000320091211000957000094280000142000000
277350    3600000662000320091111000957000093750000195000000
277350    3600000662000320091011000957000093350000235000000
277350    3600000662000320090911000957000092980000272000000
1850007   3200000789000320100211001000000099490000051000000
1850007   3200000789000320100111001000000098980000102000000
1850007   3200000789000320091211001000000098520000148000000
1850007   3200000789000320091111001000000097960000204000000
1850007   3200000789000320091011001000000097540000246000000
1850007   3200000789000320090911001000000097160000284000000
1849280   4000000682000320110210000578000057500000030000000
1849280   4000000682000320110110000581000057510000059000000
1849280   4000000682000320101210000581000057240000086000000
1849280   4000000682000320101110000581000056920000118000000
1849280   4000000682000320101010000581000056670000143000000
1849280   4000000682000320100910000581000056340000176000000
1849280   4000000682000320100810000581000056050000205000000
1849280   4000000682000320100710000581000055830000227000000
1849280   4000000682000320100610000581000055470000263000000
1849280   4000000682000320100510000581000055280000282000000
1849280   4000000682000320100410000581000054900000320000000
1849280   4000000682000320100310000581000054960000314000000
1849280   4000000682000320100210000581000054340000376000000
1849280   4000000682000320100110000581000054060000404000000
1849280   4000000682000320091210000581000053920000418000000
1849280   4000000682000320091110000581000053510000459000000
1849280   4000000682000320091010000581000053390000471000000
1849280   4000000682000320090910000581000053450000465000000
1424270   1600003206000320100820000230400022920000012000000
1424270   1600003206000320100720000350000034710000029000000
1424270   1600003206000320100620000350000034520000048000000
1424270   1600003206000320100520000350000034370000063000000
1424270   1600003206000320100420000350000034170000083000000
1424270   1600003206000320100320000350000034090000091000000
1424270   1600003206000320100220000350000033820000118000000
1424270   1600003206000320100120000350000033650000135000000
1424270   1600003206000320091220000350000033520000148000000
1424270   1600003206000320091120000350000033300000170000000
1424270   1600003206000320091020000350000033190000181000000
1424270   1600003206000320090920000350000032500000250000000
1220538   5600001265000320091210000180000017910000009000000
1220538   5600001265000320091110000170000016820000018000000
1220538   5600001265000320091010000170000016740000026000000
1220538   5600001265000320090910000170000016690000031000000
1103038   4000000683000320100315000584000058130000027000000
1103038   4000000683000320100215000586000058000000060000000
1103038   4000000683000320100115000586000057700000090000000
1103038   4000000683000320091215000586000057450000115000000
1103038   4000000683000320091115000586000057110000149000000
1103038   4000000683000320091015000586000056880000172000000
1103038   4000000683000320090915000586000056390000221000000
0502300   3600000663000320100212000905000090040000046000000
0502300   3600000663000320100112000907000089770000093000000
0502300   3600000663000320091212000907000089360000134000000
0502300   3600000663000320091112000907000088850000185000000
0502300   3600000663000320091012000907000088470000223000000
0502300   3600000663000320090912000907000088120000258000000
HEADER-0140000000000000020090814000007600000000000000000000
1851931   5900000112000320110825000563000056010000029000000
1851931   5900000112000320110725000480000047480000052000000
1851931   5900000112000320110625000480000047220000078000000
1851931   5900000112000320110525000480000047010000099000000
1851931   5900000112000320110425000480000046740000126000000
1851931   5900000112000320110325000480000046640000136000000
1851931   5900000112000320110225000480000046260000174000000
1851931   5900000112000320110125000480000046020000198000000
1851931   5900000112000320101225000480000045860000214000000
1851931   5900000112000320101125000480000045550000245000000
1851931   5900000112000320101025000480000045400000260000000
1851931   5900000112000320100925000480000045080000292000000
1851931   5900000112000320100825000480000044850000315000000
1851931   5900000112000320100725000480000044730000327000000
1851931   5900000112000320100625000480000044390000361000000
1851931   5900000112000320100525000480000044290000371000000
1851931   5900000112000320100425000480000043940000406000000
1851931   5900000112000320100325000480000044130000387000000
1851931   5900000112000320100225000480000043490000451000000
1851931   5900000112000320100125000480000043260000474000000
1851931   5900000112000320091225000480000043200000480000000
1851931   5900000112000320091125000480000042820000518000000
1851931   5900000112000320091025000480000042770000523000000
1851931   5900000112000320090925000480000040580000742000000
1741533   1800001061000320100215000509500050690000026000000
1741533   1800001061000320100115000509000050380000052000000
1741533   1800001061000320091215000509000050150000075000000
1741533   1800001061000320091115000509000049860000104000000
1741533   1800001061000320091015000509000049650000125000000
1741533   1800001061000320090915000509000049400000150000000
1652363   2800001238000320090906001160000115580000042000000
1089717   2600000402000320100830000580000057700000030000000
1089717   2600000402000320100730000540000053450000055000000
1089717   2600000402000320100630000540000053150000085000000
1089717   2600000402000320100530000540000052920000108000000
1089717   2600000402000320100430000540000052610000139000000
1089717   2600000402000320100330000540000052390000161000000
1089717   2600000402000320100228000540000052190000181000000
1089717   2600000402000320100130000540000051800000220000000
1089717   2600000402000320091230000540000051620000238000000
1089717   2600000402000320091130000540000051270000273000000
1089717   2600000402000320091030000540000051100000290000000
1089717   2600000402000320090930000540000049180000482000000
1086370   2800001237000320100201001965000195490000101000000
1086370   2800001237000320100101001967000194690000201000000
1086370   2800001237000320091201001967000193790000291000000
1086370   2800001237000320091101001967000192700000400000000
1086370   2800001237000320091001001967000191870000483000000
1086370   2800001237000320090901001967000193420000328000000
1014441   3600000664000320110815000275000027360000014000000
1014441   3600000664000320110715000275000027230000027000000
1014441   3600000664000320110615000275000027080000042000000
1014441   3600000664000320110515000275000026960000054000000
1014441   3600000664000320110415000275000026800000070000000
1014441   3600000664000320110315000275000026740000076000000
1014441   3600000664000320110215000275000026530000097000000
1014441   3600000664000320110115000275000026390000111000000
1014441   3600000664000320101215000275000026300000120000000
1014441   3600000664000320101115000275000026120000138000000
1014441   3600000664000320101015000275000026030000147000000
1014441   3600000664000320100915000275000025850000165000000
1014441   3600000664000320100815000275000025720000178000000
1014441   3600000664000320100715000275000025650000185000000
1014441   3600000664000320100615000275000025460000204000000
1014441   3600000664000320100515000275000025400000210000000
1014441   3600000664000320100415000275000025200000230000000
1014441   3600000664000320100315000275000025300000220000000
1014441   3600000664000320100215000275000024940000256000000
1014441   3600000664000320100115000275000024810000269000000
1014441   3600000664000320091215000275000024770000273000000
1014441   3600000664000320091115000275000024550000295000000
1014441   3600000664000320091015000275000024530000297000000
1014441   3600000664000320090915000275000024300000320000000
0507882   2800001239000320091130004350000432770000223000000
0507882   2800001239000320091030004350000430690000431000000
0507882   2800001239000320090930004350000425140000986000000
HEADER-0140000000000000020090817000007100000000000000000000
1400822   5100000196000320100215001550000154210000079000000
1400822   5100000196000320100115001548000153220000158000000
1400822   5100000196000320091215001548000152500000230000000
1400822   5100000196000320091115001548000151650000315000000
1400822   5100000196000320091015001548000150990000381000000
1400822   5100000196000320090915001548000150240000456000000
1353993   6300000035000320110814000180000017910000009000000
1353993   6300000035000320110714000200000019810000019000000
1353993   6300000035000320110614000200000019700000030000000
1353993   6300000035000320110514000200000019620000038000000
1353993   6300000035000320110414000200000019500000050000000
1353993   6300000035000320110314000200000019460000054000000
1353993   6300000035000320110214000200000019300000070000000
1353993   6300000035000320110114000200000019200000080000000
1353993   6300000035000320101214000200000019130000087000000
1353993   6300000035000320101114000200000019010000099000000
1353993   6300000035000320101014000200000018940000106000000
1353993   6300000035000320100914000200000018810000119000000
1353993   6300000035000320100814000200000018720000128000000
1353993   6300000035000320100714000200000018660000134000000
1353993   6300000035000320100614000200000018520000148000000
1353993   6300000035000320100514000200000018480000152000000
1353993   6300000035000320100414000200000018330000167000000
1353993   6300000035000320100314000200000018410000159000000
1353993   6300000035000320100214000200000018150000185000000
1353993   6300000035000320100114000200000018050000195000000
1353993   6300000035000320091214000200000018020000198000000
1353993   6300000035000320091114000200000017870000213000000
1353993   6300000035000320091014000200000017850000215000000
1353993   6300000035000320090914000200000017830000217000000
1110585   5500000360000320100820000413000041090000021000000
1110585   5500000360000320100720000417000041290000041000000
1110585   5500000360000320100620000417000041060000064000000
1110585   5500000360000320100520000417000040880000082000000
1110585   5500000360000320100420000417000040640000106000000
1110585   5500000360000320100320000417000040560000114000000
1110585   5500000360000320100220000417000040230000147000000
1110585   5500000360000320100120000417000040020000168000000
1110585   5500000360000320091220000417000039870000183000000
1110585   5500000360000320091120000417000039610000209000000
1110585   5500000360000320091020000417000039480000222000000
1110585   5500000360000320090920000417000038880000282000000
0720199   3600000665000320100814000461000045860000024000000
0720199   3600000665000320100714000465000046040000046000000
0720199   3600000665000320100614000465000045790000071000000
0720199   3600000665000320100514000465000045590000091000000
0720199   3600000665000320100414000465000045320000118000000
0720199   3600000665000320100314000465000045220000128000000
0720199   3600000665000320100214000465000044860000164000000
0720199   3600000665000320100114000465000044630000187000000
0720199   3600000665000320091214000465000044460000204000000
0720199   3600000665000320091114000465000044170000233000000
0720199   3600000665000320091014000465000044020000248000000
0720199   3600000665000320090914000465000043900000260000000
0611503   2200000337000320100814000519000051630000027000000
0611503   2200000337000320100714000521000051580000052000000
0611503   2200000337000320100614000521000051300000080000000
0611503   2200000337000320100514000521000051070000103000000
0611503   2200000337000320100414000521000050780000132000000
0611503   2200000337000320100314000521000050670000143000000
0611503   2200000337000320100214000521000050260000184000000
0611503   2200000337000320100114000521000050000000210000000
0611503   2200000337000320091214000521000049820000228000000
0611503   2200000337000320091114000521000049490000261000000
0611503   2200000337000320091014000521000049330000277000000
0611503   2200000337000320090914000521000049180000292000000
0531036   2800001240000320100115001000000099490000051000000
0531036   2800001240000320091215001000000099010000099000000
0531036   2800001240000320091115001000000098470000153000000
0531036   2800001240000320091015001000000098030000197000000
0531036   2800001240000320090915001000000097460000254000000